Resultado_Aplicacion_0001 = 58.63636363636363
Resultado_Aplicacion_0002 = 50.497222222222184
Resultado_Aplicacion_0003 = 63.55835240274601
Resultado_Aplicacion_0004 = 52.01103057043807
Resultado_Aplicacion_0005 = 66.57156048014765
Resultado_Aplicacion_0006 = 67.28260869565217
Resultado_Aplicacion_0007 = 62.0
Resultado_Aplicacion_0008 = 54.85342388228637
Resultado_Aplicacion_0009 = 51.71265189421013
Resultado_Aplicacion_0010 = 57.45098039215693
Resultado_Aplicacion_0011 = 62.0
Resultado_Aplicacion_0012 = 42.54901960784315
Resultado_Aplicacion_0013 = 63.55835240274601
Resultado_Aplicacion_0014 = 62.85852713178293
Resultado_Aplicacion_0015 = 58.63636363636363
Resultado_Aplicacion_0016 = 52.66776348589084
Resultado_Aplicacion_0017 = 54.85342388228637
Resultado_Aplicacion_0018 = 51.384615384615344
Resultado_Aplicacion_0019 = 62.0
Resultado_Aplicacion_0020 = 46.82183908045982
Resultado_Aplicacion_0021 = 63.06889763779529
Resultado_Aplicacion_0022 = 43.099593901870726
Resultado_Aplicacion_0023 = 49.056175729204135
Resultado_Aplicacion_0024 = 62.0
Resultado_Aplicacion_0025 = 40.27848101265818
Resultado_Aplicacion_0026 = 52.539178314273585
Resultado_Aplicacion_0027 = 69.30326543808599
Resultado_Aplicacion_0028 = 61.785871964679885
Resultado_Aplicacion_0029 = 62.0
Resultado_Aplicacion_0030 = 62.85852713178293
Resultado_Aplicacion_0031 = 51.66586646661661
Resultado_Aplicacion_0032 = 57.45098039215693
Resultado_Aplicacion_0033 = 49.46741765293024
Resultado_Aplicacion_0034 = 65.70921985815603
Resultado_Aplicacion_0035 = 61.35294117647064
Resultado_Aplicacion_0036 = 62.46270928462709
Resultado_Aplicacion_0037 = 51.956521739130444
Resultado_Aplicacion_0038 = 62.14430563099765
Resultado_Aplicacion_0039 = 62.85852713178293
Resultado_Aplicacion_0040 = 49.06400575332611
Resultado_Aplicacion_0041 = 43.412392338346805
Resultado_Aplicacion_0042 = 54.85342388228637
Resultado_Aplicacion_0043 = 46.24183006535944
Resultado_Aplicacion_0044 = 61.570175438596564
Resultado_Aplicacion_0045 = 54.2570590392372
Resultado_Aplicacion_0046 = 46.11295965171422
Resultado_Aplicacion_0047 = 62.0
Resultado_Aplicacion_0048 = 51.77323876423654
Resultado_Aplicacion_0049 = 57.70100189547788
Resultado_Aplicacion_0050 = 56.7263969171484
